RID,reqType,dt
281,postComment,
282,postComment,
283,postComment,
284,postComment,
285,postComment,
286,postComment,
287,postComment,
288,postComment,
289,postComment,
290,postComment,
