RID,REQUEST TYPE,HASH,VALUE
111,post,111,yr
112,post,111,bej
113,post,111,drzr
114,post,111,mvtxy
115,post,111,eniqhk
116,post,111,yebxfcb
117,post,111,cenvteix
118,list,,
119,post,111,bomhxclusc
120,post,111,i
